0 0 862976 4.926e+06
0 1 855151 4.98e+06
0 2 1313085 5.383e+06
0 3 735122 5.5501e+06
0 4 777714 5.8302e+06
1 0 592 4.2e+03
1 1 633 4.6e+03
1 2 903 6.8e+03
1 3 891 6.8e+03
1 4 1668 1.1e+04
1 5 1643 1.1e+04
1 6 5709 3.6e+04
2 0 898 6.2e+04
2 1 1254 9.2e+04
2 2 2386 1.5e+04
2 3 3250 2e+04
2 4 9340 5.6e+04
3 0 54330 2.48889e+06
3 1 58394 2.50754e+06
3 2 51942 2.79525e+06
4 0 100536 1.72078e+06
4 1 188253 2.5368e+06
4 2 538342 3.0881e+06
5 0 164583 2.4412e+06
5 1 238226 2.6186e+06
5 2 122795 2.8237e+06
5 3 193698 2.8443e+06
6 0 81271.3 3.1838e+06
6 1 293164 3.2912e+06
6 2 95059 3.9756e+06
6 3 92081.6 4.4506e+06
6 4 180934 5.5549e+06

